Count: 65
-2.34,2.9,16.09 1,7.5,8.66 0,-0.1656174,0,0.9861901
-0.83,2.9,10.85 1,7.5,2.94 0,-0.07880134,0,0.9968904
-0.62,2.9,7.84 1,7.5,4.65 0,0.001022044,0,0.9999995
-1.97,2.9,1.09 1.85,7.5,10.57 0,0.001022044,0,0.9999995
-8.833,2.9,4.341 5.85,7.5,4.17 0,0.001022044,0,0.9999995
-9.15,2.9,6.85 1.83,7.5,4.17 0,-0.01921635,0,0.9998153
-9.43,2.9,9.66 1.83,7.5,1.87 0,-0.1032394,0,0.9946566
-10.89,2.9,14.17 1.83,7.5,8.11 0,-0.1695646,0,0.9855191
-6.54,2.9,-1.71 10.53,7.5,1.88 0,0,0,1
-13.93,2.9,-2.38 5.6,7.5,1.88 0,0,0,1
-16.72,2.9,-1.318 0.7,7.5,1.88 0,0,0,1
-16.72,2.9,5.29 0.7,7.5,5.99 0,0,0,1
-14.16,2.9,3.93 5.3,7.5,1.88 0,0,0,1
-21.3,2.9,-2.83 10.8,7.5,1.88 0,0,0,1
-27,2.9,2.16 2.54,7.5,10.64 0,0,0,1
-18.38,2.9,8.23 2.54,7.5,2.39 0,0,0,1
-21.02,2.9,7.55 2.8,7.5,2.39 0,0,0,1
-26.3,2.9,7.46 2.8,7.5,2.39 0,0,0,1
-18.36,0.72,5.68 2.48,1.51,5.29 0,0,0,1
-28.87,2.9,9.72 2.83,7.5,3.53 0,-0.01038077,0,0.9999461
-20.64,2.9,12.14 2.83,7.5,8.67 0,-0.0154493,0,0.9998807
-29.88,2.9,13.09 2.83,7.5,4.72 0,-0.2453235,0,0.9694412
-28.47,2.9,17.14 4.33,7.5,3.12 0,-0.3256434,0,0.9454927
-26.19,2.9,20.11 0.44,7.5,6.86 0,-0.01988819,0,0.9998022
-21.73,2.9,17.34 2.76,7.5,4.08 0,-0.01988819,0,0.9998022
-21.2,2.9,22.45 0.8,7.5,6.75 0,-0.01988819,0,0.9998022
-29.95,2.9,28.44 1.45,7.5,11.95 0,-0.01988819,0,0.9998022
-27.68,2.9,22.89 3.37,7.5,1.35 0,-0.01988819,0,0.9998022
-23.56,2.9,26.64 4.91,7.5,1.35 0,0.1069459,0,0.9942648
-24.56,2.9,29.26 1.81,7.5,6.19 0,0.120536,0,0.992709
-22.69,2.9,34.03 1.81,7.5,4.79 0,0.2655071,0,0.9641089
-19.82,2.9,36.28 1.81,7.5,3.59 0,0.6213624,0,0.7835234
-29.04,2.9,38.68 2.42,7.5,11.95 0,-0.01988819,0,0.9998022
-27.47,2.9,45.12 5.57,7.5,11.95 0,-0.01988819,0,0.9998022
-20.96,2.9,47.04 5.57,7.5,11.95 0,-0.01988819,0,0.9998022
-25.36,2.9,45.8 5.57,7.5,11.95 0,-0.2731178,0,0.9619806
-16.35,2.9,41.13 3.89,7.5,0.93 0,0,0,1
-16.35,2.9,31.1 3.89,7.5,0.93 0,0,0,1
-18.66,2.9,33.94 1.46,7.5,6.97 0,0,0,1
-16.35,2.9,37.68 3.89,7.5,0.93 0,0,0,1
-8.49,2.9,50.63 18.59,7.5,0.93 0,0,0,1
3.01,2.9,37.56 1.96,7.5,22 0,0,0,1
-2.49,2.9,27.69 16.02,7.5,2.85 0,0,0,1
-14.33,2.9,29.87 1.36,7.5,7.01 0,0,0,1
-0.36,2.9,49.67 5.86,7.5,7.01 0,0,0,1
-13.95,2.9,41.82 0.89,7.5,0.94 0,0,0,1
-3.35,2.9,45.5 0.89,7.5,1.85 0,0,0,1
-3.41,2.9,41.28 0.89,7.5,0.94 0,0,0,1
-13.91,2.9,45.5 0.89,7.5,1.85 0,0,0,1
-13.95,2.9,37.31 0.89,7.5,0.94 0,0,0,1
-3.29,2.9,37.64 0.89,7.5,0.94 0,0,0,1
-8.6,2.9,33.67 2.15,7.5,0.94 0,0,0,1
-3.628,2.9,33.67 1.43,7.5,0.94 0,0,0,1
-13.85,2.9,33.67 2.15,7.5,0.94 0,0,0,1
-8.6,2.9,46.04 2.15,7.5,0.94 0,0,0,1
-3.43,2.9,46.04 2.15,7.5,0.94 0,0,0,1
-13.85,2.9,46.04 2.15,7.5,0.94 0,0,0,1
-8.69,0.401,41.434 11.45,2.12,1.22 0,0,0,1
-8.69,0.401,37.385 11.45,2.12,1.22 0,0,0,1
-8.69,0.401,33.85 11.45,2.12,1.22 0,0,0,1
-3.632,0.401,35.43 1.44,2.12,4.1 0,0,0,1
-3.632,0.401,43.66 1.44,2.12,4.1 0,0,0,1
-7.13,2.9,22.82 4.2,7.5,8.04 0,-0.1486586,0,0.9888886
-15.89,2.9,24.04 4.2,7.5,5.3 0,0.04886539,0,0.9988053
-14.64,2.9,19 4.2,7.5,5.3 0,-0.343954,0,0.9389865
